,ID,SalePrice
0,0,149072.265625
1,1,170974.796875
2,2,212451.640625
3,3,215292.40625
4,4,187969.21875
5,5,205081.625
6,6,182094.09375
7,7,185898.71875
8,8,199910.859375
9,9,151268.0
10,10,195775.96875
11,11,109277.6328125
12,12,120525.8203125
13,13,154073.703125
14,14,105510.5859375
15,15,347624.21875
16,16,281288.78125
17,17,327676.125
18,18,312848.9375
19,19,576900.75
20,20,327578.40625
21,21,216227.078125
22,22,204161.859375
23,23,159012.375
24,24,207613.8125
25,25,202455.921875
26,26,349266.40625
27,27,268671.59375
28,28,198822.65625
29,29,224677.375
30,30,229655.984375
31,31,93446.640625
32,32,230389.015625
33,33,332682.59375
34,34,286634.53125
35,35,194543.53125
36,36,164153.375
37,37,154715.015625
38,38,154928.125
39,39,167523.34375
40,40,180472.609375
41,41,156194.640625
42,42,267151.0
43,43,255176.015625
44,44,243338.6875
45,45,245654.78125
46,46,271972.84375
47,47,232623.078125
48,48,161059.859375
49,49,181419.71875
50,50,172961.9375
51,51,201067.625
52,52,180021.28125
53,53,189024.34375
54,54,196586.53125
55,55,155113.46875
56,56,161634.25
57,57,165957.09375
58,58,250919.984375
59,59,149862.59375
60,60,164691.421875
61,61,193237.9375
62,62,92116.015625
63,63,127332.5390625
64,64,140722.03125
65,65,133786.875
66,66,129813.4453125
67,67,134397.828125
68,68,160540.9375
69,69,241091.53125
70,70,147043.859375
71,71,117359.640625
72,72,141853.78125
73,73,101603.6640625
74,74,135758.390625
75,75,111003.734375
76,76,93374.171875
77,77,116233.9609375
78,78,181164.390625
79,79,161312.609375
80,80,149324.03125
81,81,129900.2421875
82,82,134117.65625
83,83,60140.546875
84,84,101213.71875
85,85,126153.2734375
86,86,114977.9609375
87,87,112913.2734375
88,88,121997.65625
89,89,127203.3046875
90,90,117773.0703125
91,91,144285.25
92,92,132866.8125
93,93,106957.9140625
94,94,201716.828125
95,95,83757.2890625
96,96,94045.3671875
97,97,78915.609375
98,98,106673.3203125
99,99,117981.7890625
100,100,161794.171875
101,101,144824.359375
102,102,145826.5
103,103,178387.1875
104,104,169258.09375
105,105,244340.953125
106,106,94770.375
107,107,289425.40625
108,108,146141.515625
109,109,150671.234375
110,110,112538.2109375
111,111,159111.09375
112,112,211203.09375
113,113,152152.609375
114,114,226998.015625
115,115,282828.78125
116,116,194714.6875
117,117,138390.40625
118,118,152229.21875
119,119,205585.953125
120,120,160406.515625
121,121,147520.40625
122,122,350992.34375
123,123,266605.65625
124,124,154702.015625
125,125,74700.671875
126,126,106986.828125
127,127,144332.546875
128,128,103162.0234375
129,129,136930.859375
130,130,130544.546875
131,131,99659.453125
132,132,125113.8203125
133,133,159314.8125
134,134,118518.3515625
135,135,186875.21875
136,136,199856.625
137,137,207835.5
138,138,183211.28125
139,139,181748.90625
140,140,84861.6015625
141,141,127466.8984375
142,142,80851.625
143,143,240266.96875
144,144,247766.59375
145,145,184136.078125
146,146,235793.21875
147,147,254999.15625
148,148,191387.3125
149,149,179905.96875
150,150,183160.6875
151,151,217773.59375
152,152,220598.25
153,153,117064.90625
154,154,98633.7109375
155,155,100116.671875
156,156,100679.1953125
157,157,127395.046875
158,158,157062.34375
159,159,259233.71875
160,160,162121.796875
161,161,129772.3046875
162,162,283941.9375
163,163,267203.59375
164,164,148248.65625
165,165,248507.234375
166,166,220803.640625
167,167,269050.5625
168,168,195967.03125
169,169,244618.5
170,170,182693.90625
171,171,203963.890625
172,172,181368.96875
173,173,194927.0
174,174,186718.6875
175,175,182666.640625
176,176,217819.5625
177,177,241639.859375
178,178,218745.0
179,179,262581.375
180,180,221051.984375
181,181,219970.734375
182,182,249471.90625
183,183,230407.8125
184,184,248341.828125
185,185,185692.25
186,186,189195.640625
187,187,156071.140625
188,188,153801.453125
189,189,147420.96875
190,190,147334.5
191,191,112417.8828125
192,192,107138.0625
193,193,149942.046875
194,194,130075.09375
195,195,150086.03125
196,196,145723.375
197,197,140017.5625
198,198,110517.265625
199,199,187145.046875
200,200,473766.46875
201,201,318608.5625
202,202,398940.0
203,203,547767.0625
204,204,306126.9375
205,205,466705.71875
206,206,346395.59375
207,207,379641.75
208,208,269627.5625
209,209,435415.0
210,210,345528.25
211,211,449126.1875
212,212,320667.375
213,213,287974.15625
214,214,190813.59375
215,215,187336.390625
216,216,218930.875
217,217,578266.6875
218,218,397460.34375
219,219,312010.09375
220,220,233010.421875
221,221,404320.625
222,222,190278.34375
223,223,199927.171875
224,224,196056.625
225,225,162448.546875
226,226,187962.734375
227,227,217560.0
228,228,219054.15625
229,229,196731.6875
230,230,197792.203125
231,231,276080.46875
232,232,190108.4375
233,233,192751.9375
234,234,174407.171875
235,235,328407.5
236,236,184279.703125
237,237,327396.78125
238,238,341984.3125
239,239,254193.765625
240,240,286653.3125
241,241,274752.78125
242,242,274493.03125
243,243,293711.3125
244,244,262284.21875
245,245,533381.6875
246,246,225978.234375
247,247,223518.34375
248,248,305026.6875
249,249,219151.53125
250,250,264367.21875
251,251,252124.8125
252,252,276930.9375
253,253,249475.5
254,254,193599.21875
255,255,195206.59375
256,256,170953.859375
257,257,147629.421875
258,258,236344.734375
259,259,273693.9375
260,260,197621.53125
261,261,146425.578125
262,262,197888.140625
263,263,218872.71875
264,264,263237.75
265,265,183164.40625
266,266,147359.984375
267,267,208388.953125
268,268,167977.265625
269,269,189862.109375
270,270,149375.109375
271,271,160968.28125
272,272,141363.796875
273,273,146747.9375
274,274,144998.890625
275,275,128587.0625
276,276,260508.3125
277,277,238337.796875
278,278,258380.765625
279,279,238198.015625
280,280,203589.96875
281,281,163155.328125
282,282,181867.046875
283,283,263942.375
284,284,211390.0625
285,285,228582.8125
286,286,233980.328125
287,287,225790.734375
288,288,182552.328125
289,289,149419.0625
290,290,255471.59375
291,291,125782.421875
292,292,196513.734375
293,293,252341.46875
294,294,220422.484375
295,295,114268.4375
296,296,149202.390625
297,297,178166.390625
298,298,169962.703125
299,299,202286.6875
300,300,194080.296875
301,301,166999.9375
302,302,175836.703125
303,303,136578.40625
304,304,172301.40625
305,305,228156.15625
306,306,232791.328125
307,307,150775.359375
308,308,180517.4375
309,309,149440.1875
310,310,138625.0
311,311,140818.296875
312,312,143318.46875
313,313,205054.984375
314,314,142656.234375
315,315,138754.625
316,316,123113.3828125
317,317,151605.40625
318,318,138837.328125
319,319,152000.875
320,320,147047.28125
321,321,81651.0234375
322,322,142053.234375
323,323,84626.390625
324,324,116151.765625
325,325,124119.546875
326,326,140172.421875
327,327,76879.984375
328,328,97259.078125
329,329,107684.640625
330,330,305338.875
331,331,175166.03125
332,332,173166.8125
333,333,157067.46875
334,334,149850.171875
335,335,122845.265625
336,336,141874.5625
337,337,137288.640625
338,338,119878.2421875
339,339,136593.5
340,340,128893.3203125
341,341,117071.0390625
342,342,180577.96875
343,343,149165.453125
344,344,159620.375
345,345,113913.0703125
346,346,144811.484375
347,347,129857.3359375
348,348,122994.125
349,349,120245.15625
350,350,102100.0234375
351,351,79733.1484375
352,352,101490.5859375
353,353,99334.8359375
354,354,56114.3359375
355,355,118294.8828125
356,356,131598.6875
357,357,145304.578125
358,358,108721.1875
359,359,83597.0078125
360,360,100901.234375
361,361,153094.9375
362,362,73795.9765625
363,363,105214.15625
364,364,113919.203125
365,365,110669.8515625
366,366,114327.84375
367,367,116060.4453125
368,368,131261.859375
369,369,135557.15625
370,370,126110.4375
371,371,137895.546875
372,372,136876.96875
373,373,108568.8203125
374,374,133239.046875
375,375,107739.984375
376,376,114046.7265625
377,377,104516.9921875
378,378,98095.078125
379,379,147258.640625
380,380,134039.375
381,381,80783.78125
382,382,159258.40625
383,383,151453.046875
384,384,161936.109375
385,385,181721.0625
386,386,214948.6875
387,387,85093.453125
388,388,150069.703125
389,389,122721.34375
390,390,133775.015625
391,391,126906.2734375
392,392,126941.390625
393,393,171017.671875
394,394,192053.265625
395,395,236796.703125
396,396,155251.5625
397,397,193267.640625
398,398,143144.5625
399,399,161335.34375
400,400,143144.5625
401,401,366801.3125
402,402,353219.90625
403,403,351598.84375
404,404,337154.78125
405,405,367046.8125
406,406,234981.65625
407,407,346377.40625
408,408,195522.171875
409,409,243043.203125
410,410,253988.40625
411,411,195039.859375
412,412,267548.125
413,413,156251.046875
414,414,207291.859375
415,415,213377.296875
416,416,230072.921875
417,417,230817.640625
418,418,151776.796875
419,419,145501.09375
420,420,282196.1875
421,421,288335.5625
422,422,193399.15625
423,423,212060.734375
424,424,237188.203125
425,425,300839.40625
426,426,249393.234375
427,427,262905.0625
428,428,191883.546875
429,429,148683.90625
430,430,165961.28125
431,431,100858.3984375
432,432,139992.390625
433,433,145612.28125
434,434,188258.53125
435,435,133740.046875
436,436,124913.25
437,437,109685.4921875
438,438,142086.625
439,439,129600.65625
440,440,135854.21875
441,441,174709.375
442,442,235517.890625
443,443,134843.171875
444,444,234294.8125
445,445,118439.53125
446,446,254761.0625
447,447,119086.0859375
448,448,122595.7890625
449,449,126700.2890625
450,450,224291.109375
451,451,260524.84375
452,452,182610.9375
453,453,56862.875
454,454,214366.4375
455,455,73708.875
456,456,258098.40625
457,457,150932.9375
458,458,165649.515625
459,459,183023.25
460,460,393536.375
461,461,352466.34375
462,462,197625.609375
463,463,312123.46875
464,464,242699.75
465,465,473948.0
466,466,144994.625
467,467,200330.84375
468,468,132238.703125
469,469,141298.3125
470,470,155110.03125
471,471,155946.609375
472,472,171239.859375
473,473,200222.84375
474,474,170054.171875
475,475,199831.65625
476,476,212556.734375
477,477,199574.296875
478,478,203678.1875
479,479,177646.484375
480,480,211727.703125
481,481,185733.640625
482,482,193702.5
483,483,343634.40625
484,484,423559.1875
485,485,155203.640625
486,486,319090.53125
487,487,211616.578125
488,488,225180.015625
489,489,189457.703125
490,490,255215.265625
491,491,253391.40625
492,492,195727.21875
493,493,197286.9375
494,494,138330.109375
495,495,322670.90625
496,496,185948.5
497,497,308832.5625
498,498,184238.3125
499,499,132710.390625
500,500,140382.328125
501,501,105346.59375
502,502,121064.3671875
503,503,124967.5859375
504,504,150815.609375
505,505,129310.234375
506,506,318864.84375
507,507,393947.9375
508,508,462907.5
509,509,349425.53125
510,510,509935.1875
511,511,350766.1875
512,512,280876.625
513,513,307981.875
514,514,469090.71875
515,515,318256.8125
516,516,322496.25
517,517,349392.125
518,518,296361.3125
519,519,209900.546875
520,520,356327.0
521,521,191241.65625
522,522,192532.0
523,523,163255.046875
524,524,205230.703125
525,525,216774.859375
526,526,180903.828125
527,527,197741.234375
528,528,204924.265625
529,529,258799.59375
530,530,194423.140625
531,531,224843.5
532,532,195394.9375
533,533,270898.09375
534,534,202297.171875
535,535,250868.609375
536,536,308320.3125
537,537,371619.625
538,538,263491.9375
539,539,304466.71875
540,540,282587.9375
541,541,253405.34375
542,542,262168.65625
543,543,284470.4375
544,544,227607.203125
545,545,211225.90625
546,546,252827.78125
547,547,203723.140625
548,548,204934.5
549,549,227567.90625
550,550,174401.203125
551,551,184600.515625
552,552,192321.59375
553,553,198295.109375
554,554,202533.25
555,555,193763.171875
556,556,197024.28125
557,557,158480.453125
558,558,138132.59375
559,559,120279.921875
560,560,128262.4765625
561,561,192117.53125
562,562,149513.6875
563,563,271683.8125
564,564,360691.84375
565,565,170515.609375
566,566,146672.046875
567,567,158080.109375
568,568,158154.828125
569,569,235873.5
570,570,200945.40625
571,571,198229.84375
572,572,222146.265625
573,573,166115.703125
574,574,258851.875
575,575,203373.171875
576,576,201935.890625
577,577,234196.53125
578,578,176622.859375
579,579,311500.78125
580,580,256486.9375
581,581,208877.03125
582,582,194950.546875
583,583,227515.359375
584,584,192179.984375
585,585,182963.78125
586,586,146992.046875
587,587,151231.203125
588,588,193219.1875
589,589,171453.53125
590,590,139787.6875
591,591,142055.28125
592,592,151032.9375
593,593,77429.2109375
594,594,155211.6875
595,595,143791.84375
596,596,141586.703125
597,597,219143.15625
598,598,151488.796875
599,599,175518.96875
600,600,196975.125
601,601,139537.046875
602,602,122304.953125
603,603,162182.046875
604,604,103765.7109375
605,605,199866.015625
606,606,149436.296875
607,607,175979.1875
608,608,96250.6484375
609,609,85773.7890625
610,610,99769.03125
611,611,144327.796875
612,612,154858.125
613,613,205882.046875
614,614,167464.109375
615,615,134654.578125
616,616,139848.046875
617,617,139821.75
618,618,138233.21875
619,619,110491.6015625
620,620,116694.1015625
621,621,138148.6875
622,622,132310.703125
623,623,103247.6328125
624,624,129219.1484375
625,625,135012.921875
626,626,127090.4765625
627,627,112747.046875
628,628,109258.3125
629,629,116617.328125
630,630,122640.2734375
631,631,120539.8203125
632,632,89520.2109375
633,633,121770.4921875
634,634,137317.4375
635,635,71623.8125
636,636,97066.265625
637,637,143112.21875
638,638,59902.01953125
639,639,124253.328125
640,640,130331.328125
641,641,125038.5859375
642,642,87690.9609375
643,643,167909.46875
644,644,123078.375
645,645,89100.75
646,646,190479.0625
647,647,132533.0625
648,648,131181.625
649,649,131591.796875
650,650,116298.5625
651,651,126385.5703125
652,652,103735.734375
653,653,117280.890625
654,654,139486.703125
655,655,127547.609375
656,656,123013.3515625
657,657,112161.796875
658,658,98615.375
659,659,105083.0234375
660,660,111914.453125
661,661,116844.265625
662,662,96180.484375
663,663,149491.546875
664,664,147672.5
665,665,155794.0
666,666,156567.546875
667,667,110082.8828125
668,668,85420.84375
669,669,142963.375
670,670,125094.0703125
671,671,120499.390625
672,672,138326.578125
673,673,129550.2890625
674,674,133951.3125
675,675,89990.2421875
676,676,105936.2421875
677,677,148362.046875
678,678,173229.078125
679,679,143541.5
680,680,162778.0625
681,681,145688.296875
682,682,156606.046875
683,683,141164.015625
684,684,142826.734375
685,685,152111.09375
686,686,181404.546875
687,687,132307.046875
688,688,158231.71875
689,689,222626.875
690,690,107644.7734375
691,691,195811.40625
692,692,164046.078125
693,693,116981.1640625
694,694,148146.578125
695,695,260337.734375
696,696,247165.65625
697,697,248905.109375
698,698,239401.921875
699,699,194774.046875
700,700,257601.109375
701,701,383060.625
702,702,319605.59375
703,703,268654.46875
704,704,171456.90625
705,705,169406.15625
706,706,220660.625
707,707,215218.75
708,708,193243.53125
709,709,235806.578125
710,710,168154.625
711,711,161379.578125
712,712,166294.828125
713,713,227218.21875
714,714,284224.28125
715,715,280514.1875
716,716,255786.734375
717,717,260348.90625
718,718,149563.0
719,719,243438.90625
720,720,205508.953125
721,721,221363.140625
722,722,207535.21875
723,723,143826.875
724,724,152639.625
725,725,158236.359375
726,726,181766.703125
727,727,150879.90625
728,728,301545.875
729,729,99380.40625
730,730,100092.765625
731,731,103527.3984375
732,732,90154.46875
733,733,124111.21875
734,734,106173.7890625
735,735,79410.09375
736,736,101745.65625
737,737,138196.421875
738,738,161905.0
739,739,123490.578125
740,740,139978.8125
741,741,127541.140625
742,742,151638.46875
743,743,149233.09375
744,744,106706.7734375
745,745,99959.0625
746,746,172234.59375
747,747,242598.09375
748,748,195557.296875
749,749,114067.0546875
750,750,108272.078125
751,751,116146.5703125
752,752,93239.8515625
753,753,160451.875
754,754,108636.6015625
755,755,135273.96875
756,756,58029.4453125
757,757,96728.953125
758,758,58339.26953125
759,759,74264.765625
760,760,222868.0625
761,761,231893.125
762,762,254269.796875
763,763,236055.3125
764,764,169823.171875
765,765,207691.484375
766,766,184089.296875
767,767,264434.78125
768,768,238369.390625
769,769,173637.546875
770,770,246372.0625
771,771,198978.90625
772,772,209815.875
773,773,248571.109375
774,774,213983.59375
775,775,252828.609375
776,776,337809.625
777,777,236762.078125
778,778,112284.4375
779,779,158430.0625
780,780,169692.828125
781,781,140346.796875
782,782,123695.3515625
783,783,102780.3671875
784,784,98058.890625
785,785,156147.328125
786,786,110545.1015625
787,787,134629.34375
788,788,131489.328125
789,789,145060.90625
790,790,128795.8125
791,791,207968.109375
792,792,161941.890625
793,793,182704.0
794,794,189486.140625
795,795,163820.28125
796,796,223884.234375
797,797,163110.21875
798,798,188415.0
799,799,148571.71875
800,800,156519.1875
801,801,152175.90625
802,802,320089.59375
803,803,450937.40625
804,804,171827.0
805,805,228417.34375
806,806,435937.46875
807,807,459047.1875
808,808,156499.046875
809,809,192404.796875
810,810,213817.0
811,811,255469.578125
812,812,175158.125
813,813,184340.96875
814,814,227791.0
815,815,202712.40625
816,816,196354.5
817,817,159789.921875
818,818,141429.640625
819,819,136142.5
820,820,179550.765625
821,821,178029.453125
822,822,107808.578125
823,823,127196.90625
824,824,115216.0
825,825,147571.78125
826,826,350686.625
827,827,233303.28125
828,828,321696.375
829,829,396789.9375
830,830,298347.5
831,831,440012.40625
832,832,425487.8125
833,833,331124.40625
834,834,479780.625
835,835,297879.28125
836,836,303294.65625
837,837,337441.90625
838,838,363260.21875
839,839,307636.03125
840,840,277065.65625
841,841,246184.171875
842,842,242016.828125
843,843,243896.671875
844,844,178146.796875
845,845,179238.46875
846,846,197956.28125
847,847,205699.453125
848,848,262932.0
849,849,197466.453125
850,850,185054.53125
851,851,198549.21875
852,852,192768.03125
853,853,192774.609375
854,854,185638.203125
855,855,194168.21875
856,856,194876.75
857,857,181357.546875
858,858,169145.625
859,859,169024.171875
860,860,228600.34375
861,861,174624.5
862,862,189472.984375
863,863,187256.21875
864,864,218381.6875
865,865,182297.796875
866,866,199270.34375
867,867,235368.625
868,868,187795.578125
869,869,193107.984375
870,870,353564.65625
871,871,319349.375
872,872,310664.6875
873,873,243266.875
874,874,255265.171875
875,875,298538.21875
876,876,189882.15625
877,877,261448.609375
878,878,207737.953125
879,879,463529.375
880,880,243830.625
881,881,220624.578125
882,882,228916.625
883,883,224007.796875
884,884,225621.9375
885,885,201501.1875
886,886,188372.953125
887,887,223999.171875
888,888,179270.53125
889,889,302599.59375
890,890,252697.703125
891,891,241682.765625
892,892,271508.4375
893,893,147198.46875
894,894,140153.9375
895,895,178420.46875
896,896,204056.5625
897,897,190866.59375
898,898,136989.609375
899,899,139486.359375
900,900,161818.234375
901,901,277891.65625
902,902,161856.53125
903,903,171826.21875
904,904,205548.234375
905,905,174625.421875
906,906,202721.09375
907,907,177853.609375
908,908,200709.28125
909,909,180903.125
910,910,158087.296875
911,911,190411.96875
912,912,248392.921875
913,913,280027.25
914,914,182534.765625
915,915,276714.78125
916,916,275211.375
917,917,170167.046875
918,918,217287.578125
919,919,177523.53125
920,920,181591.0625
921,921,227947.703125
922,922,188679.859375
923,923,241428.125
924,924,188168.78125
925,925,154110.046875
926,926,142876.78125
927,927,142339.359375
928,928,143674.78125
929,929,172912.0625
930,930,150671.421875
931,931,133195.109375
932,932,172289.0625
933,933,143955.875
934,934,190527.640625
935,935,155717.375
936,936,185768.484375
937,937,150250.734375
938,938,78138.859375
939,939,58371.58203125
940,940,104362.8359375
941,941,176259.171875
942,942,177858.578125
943,943,160090.828125
944,944,181843.265625
945,945,117606.703125
946,946,153941.546875
947,947,153470.734375
948,948,148085.59375
949,949,174962.3125
950,950,133385.515625
951,951,160738.4375
952,952,162049.6875
953,953,128858.4453125
954,954,176413.359375
955,955,135414.015625
956,956,115977.890625
957,957,130561.6796875
958,958,130650.5390625
959,959,146054.203125
960,960,138208.09375
961,961,133480.734375
962,962,106496.0078125
963,963,171603.859375
964,964,265289.21875
965,965,142204.09375
966,966,129146.5078125
967,967,171744.46875
968,968,135168.078125
969,969,152871.03125
970,970,135409.875
971,971,151727.53125
972,972,147363.4375
973,973,145447.84375
974,974,176132.171875
975,975,122924.328125
976,976,128969.2421875
977,977,124619.90625
978,978,121745.0
979,979,129779.5234375
980,980,86557.5546875
981,981,107465.34375
982,982,143811.3125
983,983,145378.0
984,984,66253.03125
985,985,144369.46875
986,986,151149.5625
987,987,141766.0
988,988,116888.4140625
989,989,126893.015625
990,990,133075.0
991,991,167491.015625
992,992,114948.3359375
993,993,146061.453125
994,994,91291.8203125
995,995,111500.65625
996,996,116248.2421875
997,997,128314.1484375
998,998,114951.4765625
999,999,137619.484375
1000,1000,106123.234375
1001,1001,125741.71875
1002,1002,117508.8359375
1003,1003,151317.328125
1004,1004,122443.953125
1005,1005,123910.8359375
1006,1006,121198.203125
1007,1007,89886.1875
1008,1008,70004.109375
1009,1009,231163.265625
1010,1010,163791.046875
1011,1011,160419.921875
1012,1012,118298.8984375
1013,1013,90789.0234375
1014,1014,170229.828125
1015,1015,105097.6796875
1016,1016,142803.6875
1017,1017,169598.96875
1018,1018,141162.515625
1019,1019,155109.640625
1020,1020,153588.515625
1021,1021,140624.25
1022,1022,143924.71875
1023,1023,151573.546875
1024,1024,132975.78125
1025,1025,167804.8125
1026,1026,251144.953125
1027,1027,124099.2734375
1028,1028,152113.34375
1029,1029,155886.875
1030,1030,109640.421875
1031,1031,208513.828125
1032,1032,167598.984375
1033,1033,162657.9375
1034,1034,99526.6328125
1035,1035,240965.390625
1036,1036,139604.78125
1037,1037,124898.484375
1038,1038,110071.9453125
1039,1039,116686.8125
1040,1040,154756.78125
1041,1041,141729.046875
1042,1042,80698.40625
1043,1043,193279.4375
1044,1044,217642.421875
1045,1045,243370.96875
1046,1046,279140.8125
1047,1047,260338.34375
1048,1048,241016.09375
1049,1049,213132.53125
1050,1050,171028.5
1051,1051,206163.296875
1052,1052,234082.46875
1053,1053,233082.890625
1054,1054,172753.84375
1055,1055,167780.71875
1056,1056,154460.140625
1057,1057,155041.890625
1058,1058,226648.28125
1059,1059,214442.40625
1060,1060,186948.65625
1061,1061,211958.75
1062,1062,143163.859375
1063,1063,149724.046875
1064,1064,156199.375
1065,1065,154244.28125
1066,1066,148470.90625
1067,1067,150630.65625
1068,1068,147376.984375
1069,1069,132569.03125
1070,1070,228496.28125
1071,1071,219952.109375
1072,1072,200802.171875
1073,1073,238881.1875
1074,1074,279493.21875
1075,1075,244344.640625
1076,1076,192898.40625
1077,1077,184983.125
1078,1078,185595.1875
1079,1079,175968.515625
1080,1080,173435.703125
1081,1081,172146.953125
1082,1082,144301.625
1083,1083,136181.96875
1084,1084,137248.375
1085,1085,142300.578125
1086,1086,144261.328125
1087,1087,180355.09375
1088,1088,165868.6875
1089,1089,558342.0625
1090,1090,150645.84375
1091,1091,140016.359375
1092,1092,93054.8515625
1093,1093,107644.6171875
1094,1094,117692.3828125
1095,1095,116606.46875
1096,1096,139752.734375
1097,1097,174535.609375
1098,1098,144724.15625
1099,1099,117074.640625
1100,1100,105263.1015625
1101,1101,112358.109375
1102,1102,99367.7265625
1103,1103,178479.640625
1104,1104,154323.984375
1105,1105,140104.390625
1106,1106,136547.0625
1107,1107,181280.78125
1108,1108,200703.71875
1109,1109,117672.1328125
1110,1110,201681.609375
1111,1111,146497.4375
1112,1112,228081.140625
1113,1113,203417.4375
1114,1114,123444.359375
1115,1115,95520.8359375
1116,1116,136925.6875
1117,1117,73309.09375
1118,1118,85799.4921875
1119,1119,103674.703125
1120,1120,141460.1875
1121,1121,128326.171875
1122,1122,242624.96875
1123,1123,152729.125
1124,1124,207376.09375
1125,1125,207644.109375
1126,1126,199771.578125
1127,1127,156501.40625
1128,1128,157264.5
1129,1129,186684.40625
1130,1130,229148.359375
1131,1131,214736.046875
1132,1132,233159.75
1133,1133,169445.34375
1134,1134,173469.203125
1135,1135,318072.3125
1136,1136,203431.359375
1137,1137,271711.40625
1138,1138,302178.3125
1139,1139,203590.65625
1140,1140,153457.109375
1141,1141,97541.8046875
1142,1142,113750.78125
1143,1143,105383.6875
1144,1144,114186.2265625
1145,1145,156644.296875
1146,1146,192047.3125
1147,1147,188579.34375
1148,1148,168889.375
1149,1149,104844.640625
1150,1150,171307.9375
1151,1151,168884.984375
1152,1152,157745.375
1153,1153,151747.21875
1154,1154,177881.671875
1155,1155,170114.40625
1156,1156,217458.71875
1157,1157,195310.453125
1158,1158,188944.25
1159,1159,187276.46875
1160,1160,171822.375
1161,1161,191768.703125
1162,1162,250267.296875
1163,1163,319463.0625
1164,1164,257744.53125
1165,1165,180588.21875
1166,1166,155182.8125
1167,1167,350963.625
1168,1168,421339.4375
1169,1169,324068.9375
1170,1170,554331.625
1171,1171,345974.34375
1172,1172,246411.515625
1173,1173,472743.53125
1174,1174,173530.25
1175,1175,219259.421875
1176,1176,166875.890625
1177,1177,249212.359375
1178,1178,190789.171875
1179,1179,168456.5
1180,1180,151224.5625
1181,1181,176160.5
1182,1182,121065.25
1183,1183,140880.0625
1184,1184,120645.9140625
1185,1185,109111.625
1186,1186,116969.6171875
1187,1187,145600.84375
1188,1188,137990.453125
1189,1189,116308.6796875
1190,1190,143439.4375
1191,1191,362264.1875
1192,1192,230808.78125
1193,1193,242543.96875
1194,1194,476742.5625
1195,1195,333183.1875
1196,1196,351069.03125
1197,1197,272743.96875
1198,1198,252180.09375
1199,1199,340299.75
1200,1200,431353.09375
1201,1201,454752.96875
1202,1202,308699.34375
1203,1203,224079.65625
1204,1204,294710.46875
1205,1205,248941.28125
1206,1206,195888.671875
1207,1207,192269.796875
1208,1208,191154.46875
1209,1209,262110.75
1210,1210,192237.078125
1211,1211,178147.390625
1212,1212,183290.65625
1213,1213,183175.046875
1214,1214,157238.0
1215,1215,181864.234375
1216,1216,201183.640625
1217,1217,239869.484375
1218,1218,262873.84375
1219,1219,253140.921875
1220,1220,341776.9375
1221,1221,316876.84375
1222,1222,452304.6875
1223,1223,319186.46875
1224,1224,311694.65625
1225,1225,260891.5625
1226,1226,294447.125
1227,1227,197488.265625
1228,1228,185059.890625
1229,1229,358341.25
1230,1230,183414.03125
1231,1231,155225.453125
1232,1232,205948.140625
1233,1233,155037.28125
1234,1234,194516.90625
1235,1235,191083.859375
1236,1236,207665.671875
1237,1237,191573.21875
1238,1238,168160.1875
1239,1239,159443.5
1240,1240,171331.453125
1241,1241,157140.0625
1242,1242,130801.9375
1243,1243,147773.84375
1244,1244,155421.203125
1245,1245,148291.203125
1246,1246,171104.75
1247,1247,150392.015625
1248,1248,130162.59375
1249,1249,146341.828125
1250,1250,354152.125
1251,1251,335796.1875
1252,1252,162398.5625
1253,1253,161836.46875
1254,1254,169274.671875
1255,1255,161953.5
1256,1256,210798.921875
1257,1257,219151.046875
1258,1258,168825.625
1259,1259,218799.625
1260,1260,152030.90625
1261,1261,182948.1875
1262,1262,173529.8125
1263,1263,131880.84375
1264,1264,152029.53125
1265,1265,161416.140625
1266,1266,155742.578125
1267,1267,176162.71875
1268,1268,150873.703125
1269,1269,165020.390625
1270,1270,136651.046875
1271,1271,145803.046875
1272,1272,163318.71875
1273,1273,151514.8125
1274,1274,142991.765625
1275,1275,147128.75
1276,1276,114968.875
1277,1277,163802.296875
1278,1278,176476.796875
1279,1279,167166.609375
1280,1280,140702.484375
1281,1281,176650.015625
1282,1282,163242.03125
1283,1283,166742.828125
1284,1284,144110.3125
1285,1285,135694.828125
1286,1286,157077.34375
1287,1287,137360.25
1288,1288,158018.21875
1289,1289,142873.84375
1290,1290,171176.9375
1291,1291,246251.25
1292,1292,167654.234375
1293,1293,211849.453125
1294,1294,126689.40625
1295,1295,98495.734375
1296,1296,83673.9140625
1297,1297,95699.15625
1298,1298,122070.65625
1299,1299,155170.3125
1300,1300,159249.78125
1301,1301,156440.953125
1302,1302,224663.125
1303,1303,159941.078125
1304,1304,235820.546875
1305,1305,134554.140625
1306,1306,64322.13671875
1307,1307,133076.859375
1308,1308,149166.328125
1309,1309,151110.59375
1310,1310,121640.0625
1311,1311,120784.6640625
1312,1312,164477.984375
1313,1313,139667.359375
1314,1314,96653.296875
1315,1315,132838.6875
1316,1316,151619.5625
1317,1317,85514.5625
1318,1318,126560.578125
1319,1319,91721.1640625
1320,1320,91833.78125
1321,1321,128676.078125
1322,1322,78087.796875
1323,1323,131746.359375
1324,1324,140913.609375
1325,1325,76382.8828125
1326,1326,123202.0625
1327,1327,85325.171875
1328,1328,174754.625
1329,1329,72308.796875
1330,1330,152090.9375
1331,1331,74246.453125
1332,1332,100537.5859375
1333,1333,100384.515625
1334,1334,108468.8203125
1335,1335,79805.9453125
1336,1336,221253.78125
1337,1337,129675.3046875
1338,1338,113733.625
1339,1339,60509.3125
1340,1340,91023.1015625
1341,1341,139276.796875
1342,1342,175314.203125
1343,1343,161579.921875
1344,1344,101971.0234375
1345,1345,101431.0703125
1346,1346,183201.359375
1347,1347,187732.1875
1348,1348,134180.953125
1349,1349,140409.828125
1350,1350,180779.046875
1351,1351,179272.703125
1352,1352,209147.5625
1353,1353,205789.90625
1354,1354,86814.96875
1355,1355,196859.78125
1356,1356,150753.328125
1357,1357,148055.1875
1358,1358,141261.78125
1359,1359,157826.21875
1360,1360,96946.9765625
1361,1361,228861.625
1362,1362,274901.34375
1363,1363,195941.390625
1364,1364,179720.375
1365,1365,150338.78125
1366,1366,138335.796875
1367,1367,263917.9375
1368,1368,177892.40625
1369,1369,227555.078125
1370,1370,173331.90625
1371,1371,259357.90625
1372,1372,250841.46875
1373,1373,224518.203125
1374,1374,214979.515625
1375,1375,209354.90625
1376,1376,176433.609375
1377,1377,168729.984375
1378,1378,198881.734375
1379,1379,185454.875
1380,1380,192736.1875
1381,1381,244296.921875
1382,1382,143226.828125
1383,1383,186389.546875
1384,1384,140410.59375
1385,1385,222432.078125
1386,1386,184884.0
1387,1387,186179.140625
1388,1388,190675.84375
1389,1389,249047.640625
1390,1390,244197.265625
1391,1391,259257.203125
1392,1392,246608.921875
1393,1393,149439.5
1394,1394,181724.09375
1395,1395,207088.75
1396,1396,189037.3125
1397,1397,189514.375
1398,1398,127864.5859375
1399,1399,141566.90625
1400,1400,160463.3125
1401,1401,216225.59375
1402,1402,144529.875
1403,1403,239262.71875
1404,1404,140587.171875
1405,1405,172252.375
1406,1406,101838.5234375
1407,1407,101944.3671875
1408,1408,127480.9296875
1409,1409,164122.96875
1410,1410,79149.046875
1411,1411,44048.03125
1412,1412,88553.3125
1413,1413,140066.484375
1414,1414,74647.5078125
1415,1415,130130.859375
1416,1416,113292.3359375
1417,1417,121088.0234375
1418,1418,141316.84375
1419,1419,101359.9453125
1420,1420,124151.625
1421,1421,129070.25
1422,1422,160423.34375
1423,1423,185851.53125
1424,1424,162037.796875
1425,1425,185326.328125
1426,1426,93210.1640625
1427,1427,138918.0625
1428,1428,46662.70703125
1429,1429,87781.140625
1430,1430,139023.328125
1431,1431,81912.9609375
1432,1432,89344.0390625
1433,1433,60210.98046875
1434,1434,220803.78125
1435,1435,249985.78125
1436,1436,200346.703125
1437,1437,185518.703125
1438,1438,208089.28125
1439,1439,167606.390625
1440,1440,181677.09375
1441,1441,208805.140625
1442,1442,335733.96875
1443,1443,381088.90625
1444,1444,117288.7734375
1445,1445,206992.90625
1446,1446,120239.6640625
1447,1447,154874.359375
1448,1448,182322.265625
1449,1449,91887.1796875
1450,1450,94116.6796875
1451,1451,172844.375
1452,1452,83899.4921875
1453,1453,91125.015625
1454,1454,91952.953125
1455,1455,91481.765625
1456,1456,195390.96875
1457,1457,137853.109375
1458,1458,246542.09375
