,ID,SalePrice
0,0,146377.921875
1,1,180304.78125
2,2,211590.65625
3,3,211637.703125
4,4,202750.109375
5,5,198676.40625
6,6,199912.5
7,7,187523.140625
8,8,194402.5625
9,9,149372.640625
10,10,182625.25
11,11,113165.2265625
12,12,113123.9375
13,13,139093.765625
14,14,115427.7734375
15,15,361825.40625
16,16,260130.3125
17,17,309974.6875
18,18,301478.875
19,19,512006.59375
20,20,318337.46875
21,21,211148.671875
22,22,205625.078125
23,23,168407.265625
24,24,212502.09375
25,25,201011.703125
26,26,334469.59375
27,27,249121.25
28,28,206560.90625
29,29,279088.8125
30,30,222425.71875
31,31,86970.6875
32,32,223944.578125
33,33,317839.90625
34,34,270703.3125
35,35,227284.5625
36,36,175312.71875
37,37,171920.1875
38,38,171140.390625
39,39,172139.0625
40,40,177590.515625
41,41,180247.875
42,42,249808.09375
43,43,238513.25
44,44,242149.484375
45,45,237545.234375
46,46,262774.28125
47,47,215164.328125
48,48,154831.5
49,49,172562.859375
50,50,176459.390625
51,51,212069.171875
52,52,170157.546875
53,53,198882.265625
54,54,188955.375
55,55,154758.609375
56,56,160645.625
57,57,145535.796875
58,58,245552.15625
59,59,148463.53125
60,60,163575.46875
61,61,218056.46875
62,62,94932.1796875
63,63,120539.46875
64,64,132369.109375
65,65,127874.3828125
66,66,116772.40625
67,67,115178.09375
68,68,157676.703125
69,69,210057.765625
70,70,135167.296875
71,71,105026.5625
72,72,158252.375
73,73,105663.3515625
74,74,130295.6015625
75,75,103013.1953125
76,76,97824.4765625
77,77,86510.796875
78,78,191350.09375
79,79,115718.6796875
80,80,149648.828125
81,81,139574.09375
82,82,119967.125
83,83,72835.8515625
84,84,101230.40625
85,85,125676.359375
86,86,111749.5546875
87,87,109153.796875
88,88,115241.375
89,89,118698.03125
90,90,116761.3203125
91,91,142484.953125
92,92,135676.890625
93,93,106120.046875
94,94,182482.875
95,95,87022.421875
96,96,83216.4296875
97,97,98780.890625
98,98,91300.6640625
99,99,137363.40625
100,100,178575.03125
101,101,140119.734375
102,102,137600.28125
103,103,180691.890625
104,104,170538.984375
105,105,226937.921875
106,106,88894.6875
107,107,260779.515625
108,108,146787.53125
109,109,145060.109375
110,110,114379.125
111,111,148393.453125
112,112,228980.671875
113,113,139681.21875
114,114,278132.46875
115,115,266580.125
116,116,191909.109375
117,117,139789.171875
118,118,160169.453125
119,119,208617.234375
120,120,156467.453125
121,121,142749.046875
122,122,322026.3125
123,123,251123.671875
124,124,152204.15625
125,125,76178.03125
126,126,107012.203125
127,127,148069.359375
128,128,94109.609375
129,129,136837.84375
130,130,120359.2578125
131,131,99164.6484375
132,132,142509.5
133,133,178134.296875
134,134,121579.3515625
135,135,171442.59375
136,136,225171.84375
137,137,213131.328125
138,138,152473.796875
139,139,164827.40625
140,140,88106.9609375
141,141,130103.109375
142,142,61733.90234375
143,143,230272.609375
144,144,258736.6875
145,145,186543.96875
146,146,257409.6875
147,147,243318.09375
148,148,197220.03125
149,149,181122.03125
150,150,170921.65625
151,151,197858.4375
152,152,198495.6875
153,153,112757.53125
154,154,105995.15625
155,155,110356.8203125
156,156,100862.8125
157,157,128198.2265625
158,158,154080.078125
159,159,299316.53125
160,160,160125.71875
161,161,145970.765625
162,162,249384.5
163,163,246061.484375
164,164,148731.421875
165,165,241215.828125
166,166,216361.4375
167,167,279309.65625
168,168,190802.296875
169,169,231775.015625
170,170,190361.375
171,171,239014.421875
172,172,190878.734375
173,173,192895.8125
174,174,196370.265625
175,175,166507.828125
176,176,226219.296875
177,177,233174.0
178,178,209934.359375
179,179,254206.015625
180,180,202440.5625
181,181,225456.1875
182,182,227305.09375
183,183,220538.96875
184,184,249301.640625
185,185,183606.53125
186,186,184892.015625
187,187,151270.640625
188,188,154452.375
189,189,150255.703125
190,190,149223.078125
191,191,106229.8125
192,192,99754.625
193,193,143070.375
194,194,137056.03125
195,195,141632.59375
196,196,142910.65625
197,197,136163.6875
198,198,104111.6796875
199,199,196850.5625
200,200,449551.0625
201,201,330403.34375
202,202,403345.3125
203,203,483354.125
204,204,304155.5625
205,205,429256.40625
206,206,346846.15625
207,207,366630.5
208,208,259054.625
209,209,434761.4375
210,210,338810.75
211,211,426781.34375
212,212,331636.71875
213,213,255695.890625
214,214,185353.390625
215,215,188107.640625
216,216,220485.3125
217,217,447012.5625
218,218,405234.28125
219,219,275935.46875
220,220,211787.953125
221,221,373452.65625
222,222,180731.109375
223,223,200957.109375
224,224,198311.9375
225,225,152719.46875
226,226,196224.578125
227,227,204078.375
228,228,202568.78125
229,229,211242.3125
230,230,204849.46875
231,231,271760.5625
232,232,198417.859375
233,233,194945.9375
234,234,176055.4375
235,235,305004.75
236,236,192710.0
237,237,376896.8125
238,238,358622.125
239,239,243110.265625
240,240,272910.78125
241,241,261479.875
242,242,258539.015625
243,243,278454.78125
244,244,249224.71875
245,245,434519.59375
246,246,214277.984375
247,247,220390.078125
248,248,296156.09375
249,249,219745.53125
250,250,259552.59375
251,251,228801.640625
252,252,278038.09375
253,253,230464.53125
254,254,199133.921875
255,255,190603.65625
256,256,173733.015625
257,257,145473.078125
258,258,236046.125
259,259,284808.8125
260,260,190344.21875
261,261,151737.015625
262,262,194427.40625
263,263,218344.703125
264,264,248851.3125
265,265,181085.921875
266,266,158501.046875
267,267,198116.59375
268,268,175584.71875
269,269,210661.34375
270,270,154170.09375
271,271,170802.59375
272,272,147569.96875
273,273,143251.59375
274,274,154085.40625
275,275,127927.7265625
276,276,277454.21875
277,277,233663.78125
278,278,231818.90625
279,279,235529.21875
280,280,240699.828125
281,281,165550.109375
282,282,179323.140625
283,283,293450.46875
284,284,201616.4375
285,285,232136.53125
286,286,214259.09375
287,287,236320.921875
288,288,175293.09375
289,289,147125.6875
290,290,264631.21875
291,291,123906.46875
292,292,170159.703125
293,293,228777.484375
294,294,191099.140625
295,295,154578.453125
296,296,124272.484375
297,297,176584.578125
298,298,185528.203125
299,299,176637.9375
300,300,191443.734375
301,301,172071.5
302,302,171688.015625
303,303,129904.8984375
304,304,172164.0625
305,305,244861.3125
306,306,235768.046875
307,307,145237.21875
308,308,170421.8125
309,309,152229.359375
310,310,122628.140625
311,311,140774.6875
312,312,147437.359375
313,313,220994.15625
314,314,143560.984375
315,315,148809.640625
316,316,120959.5703125
317,317,142325.59375
318,318,135988.734375
319,319,138088.25
320,320,126157.203125
321,321,94800.703125
322,322,151611.203125
323,323,99635.953125
324,324,116682.015625
325,325,132141.78125
326,326,150007.625
327,327,70203.53125
328,328,103195.734375
329,329,96629.703125
330,330,295109.09375
331,331,170598.265625
332,332,170458.71875
333,333,146283.46875
334,334,139911.078125
335,335,143881.421875
336,336,137913.65625
337,337,130929.2265625
338,338,116144.859375
339,339,131710.109375
340,340,126490.2421875
341,341,112315.875
342,342,170725.640625
343,343,146028.4375
344,344,150308.015625
345,345,122581.0234375
346,346,117632.359375
347,347,125021.9140625
348,348,126644.234375
349,349,132445.3125
350,350,114218.0859375
351,351,91663.5234375
352,352,100281.359375
353,353,98541.8671875
354,354,64193.7265625
355,355,113891.6171875
356,356,121842.0234375
357,357,131877.53125
358,358,117027.984375
359,359,89276.0625
360,360,91958.8515625
361,361,152186.03125
362,362,76474.7421875
363,363,94711.03125
364,364,125342.8046875
365,365,102062.1953125
366,366,102959.625
367,367,97210.625
368,368,132886.59375
369,369,126296.9140625
370,370,132519.78125
371,371,147915.25
372,372,137052.25
373,373,115724.1875
374,374,115520.609375
375,375,100836.1484375
376,376,105085.1171875
377,377,106630.3046875
378,378,102596.1328125
379,379,143339.140625
380,380,146220.65625
381,381,82808.140625
382,382,171754.65625
383,383,152644.21875
384,384,157989.5625
385,385,202198.234375
386,386,191667.390625
387,387,92462.40625
388,388,146603.21875
389,389,126616.9296875
390,390,138341.53125
391,391,100282.546875
392,392,130416.5078125
393,393,166441.65625
394,394,183190.96875
395,395,237405.5625
396,396,174744.5625
397,397,198373.109375
398,398,161785.859375
399,399,170732.40625
400,400,161785.859375
401,401,363039.0625
402,402,367492.03125
403,403,367492.03125
404,404,340120.84375
405,405,348089.0625
406,406,233515.390625
407,407,354088.78125
408,408,189952.921875
409,409,246119.171875
410,410,238613.140625
411,411,199745.671875
412,412,242335.359375
413,413,157373.890625
414,414,208226.5
415,415,210719.0625
416,416,234013.40625
417,417,224177.109375
418,418,147290.765625
419,419,148909.1875
420,420,268823.625
421,421,263251.21875
422,422,194658.1875
423,423,221227.578125
424,424,231718.875
425,425,271134.21875
426,426,229291.375
427,427,281477.84375
428,428,196069.3125
429,429,147087.390625
430,430,152961.546875
431,431,94476.5
432,432,132518.90625
433,433,157925.40625
434,434,160959.234375
435,435,128682.1796875
436,436,131297.453125
437,437,116089.5390625
438,438,136696.28125
439,439,136688.703125
440,440,139461.21875
441,441,155188.875
442,442,196651.6875
443,443,135564.140625
444,444,200052.078125
445,445,126635.875
446,446,238600.28125
447,447,117581.4140625
448,448,125667.2734375
449,449,123602.390625
450,450,234642.3125
451,451,259343.421875
452,452,153719.9375
453,453,69649.546875
454,454,212583.046875
455,455,54143.9375
456,456,249054.59375
457,457,146685.96875
458,458,173675.015625
459,459,197255.125
460,460,416584.4375
461,461,386224.09375
462,462,248895.390625
463,463,303388.3125
464,464,257058.71875
465,465,416365.5
466,466,153398.109375
467,467,193229.78125
468,468,125403.59375
469,469,143417.734375
470,470,159233.734375
471,471,155265.265625
472,472,179006.703125
473,473,205338.140625
474,474,183189.75
475,475,205705.953125
476,476,197695.875
477,477,184174.765625
478,478,213079.109375
479,479,177133.546875
480,480,200206.765625
481,481,179856.3125
482,482,180092.03125
483,483,349453.34375
484,484,386186.03125
485,485,157968.703125
486,486,293247.21875
487,487,175336.078125
488,488,248912.53125
489,489,193398.484375
490,490,252279.875
491,491,250635.6875
492,492,182277.5
493,493,188977.609375
494,494,149936.078125
495,495,334039.1875
496,496,179739.046875
497,497,316093.96875
498,498,190089.203125
499,499,132138.390625
500,500,148369.09375
501,501,105001.0234375
502,502,116337.0859375
503,503,122336.703125
504,504,143595.078125
505,505,135852.390625
506,506,307538.96875
507,507,363655.0625
508,508,413153.40625
509,509,335195.4375
510,510,491891.78125
511,511,350463.09375
512,512,268422.59375
513,513,312084.8125
514,514,413432.15625
515,515,326461.53125
516,516,356891.28125
517,517,378249.59375
518,518,288025.15625
519,519,212364.453125
520,520,334976.6875
521,521,204550.625
522,522,188283.734375
523,523,166938.03125
524,524,214548.203125
525,525,216166.34375
526,526,167660.78125
527,527,201525.078125
528,528,202957.765625
529,529,230912.734375
530,530,202068.203125
531,531,226670.609375
532,532,198064.890625
533,533,244474.46875
534,534,202156.9375
535,535,267054.75
536,536,304692.3125
537,537,370973.625
538,538,287584.40625
539,539,320551.4375
540,540,291254.90625
541,541,269758.1875
542,542,254432.9375
543,543,289068.8125
544,544,206011.15625
545,545,216130.59375
546,546,254064.828125
547,547,215333.09375
548,548,202914.4375
549,549,221099.71875
550,550,175313.71875
551,551,187799.1875
552,552,201003.15625
553,553,200143.53125
554,554,221289.328125
555,555,198056.328125
556,556,196385.53125
557,557,149405.078125
558,558,144038.734375
559,559,103767.65625
560,560,124048.5703125
561,561,191049.421875
562,562,153333.078125
563,563,292158.96875
564,564,357429.625
565,565,187793.546875
566,566,160142.6875
567,567,164055.765625
568,568,162655.109375
569,569,233904.390625
570,570,205351.90625
571,571,208859.859375
572,572,219300.109375
573,573,174822.65625
574,574,244959.578125
575,575,195015.546875
576,576,194195.21875
577,577,229404.796875
578,578,175902.5625
579,579,320122.9375
580,580,252489.484375
581,581,225112.953125
582,582,221301.34375
583,583,220957.796875
584,584,196424.46875
585,585,189402.75
586,586,154731.71875
587,587,161736.234375
588,588,215233.40625
589,589,178844.46875
590,590,134823.59375
591,591,150324.890625
592,592,154678.125
593,593,84267.8515625
594,594,152992.53125
595,595,142912.90625
596,596,134962.296875
597,597,238832.734375
598,598,151799.125
599,599,193038.65625
600,600,185799.046875
601,601,147825.375
602,602,109140.6875
603,603,166799.765625
604,604,111729.703125
605,605,182076.171875
606,606,149288.234375
607,607,179507.0625
608,608,94594.640625
609,609,98903.25
610,610,108157.6015625
611,611,141391.40625
612,612,167777.5
613,613,210205.375
614,614,159559.46875
615,615,139449.140625
616,616,136689.46875
617,617,135228.421875
618,618,139165.140625
619,619,97657.0234375
620,620,108269.40625
621,621,158494.96875
622,622,138191.625
623,623,107456.3203125
624,624,139543.984375
625,625,136266.640625
626,626,134519.203125
627,627,98464.421875
628,628,108643.9375
629,629,112518.3515625
630,630,110326.640625
631,631,126239.7265625
632,632,82773.6484375
633,633,122424.1328125
634,634,155738.40625
635,635,72039.2265625
636,636,98290.1171875
637,637,134201.8125
638,638,76335.2578125
639,639,148663.4375
640,640,106014.921875
641,641,123262.6640625
642,642,105867.2265625
643,643,156007.53125
644,644,116972.1796875
645,645,86141.3046875
646,646,180202.875
647,647,126579.1640625
648,648,126075.21875
649,649,126778.84375
650,650,131683.25
651,651,118724.765625
652,652,103118.6171875
653,653,111648.8671875
654,654,137171.328125
655,655,110846.234375
656,656,137956.90625
657,657,115551.4453125
658,658,95345.21875
659,659,97731.8359375
660,660,111369.953125
661,661,111920.4140625
662,662,83698.4375
663,663,136581.96875
664,664,143143.28125
665,665,161554.84375
666,666,161613.046875
667,667,107650.0
668,668,81262.828125
669,669,134102.859375
670,670,137509.234375
671,671,116815.546875
672,672,128459.03125
673,673,133089.609375
674,674,105845.140625
675,675,95726.1640625
676,676,103189.578125
677,677,155782.859375
678,678,166663.046875
679,679,156629.5625
680,680,170547.21875
681,681,145383.953125
682,682,159054.15625
683,683,139570.671875
684,684,139623.65625
685,685,123370.34375
686,686,175981.40625
687,687,127711.75
688,688,159745.328125
689,689,212192.375
690,690,105486.9765625
691,691,190829.859375
692,692,181302.5
693,693,104283.1484375
694,694,129722.5078125
695,695,279643.90625
696,696,255513.640625
697,697,254549.65625
698,698,235674.125
699,699,200433.328125
700,700,250513.6875
701,701,385682.5625
702,702,349106.375
703,703,255277.640625
704,704,175547.65625
705,705,157046.328125
706,706,227156.265625
707,707,223234.703125
708,708,205878.75
709,709,266519.65625
710,710,168078.359375
711,711,157954.71875
712,712,166179.15625
713,713,234127.765625
714,714,275532.375
715,715,280015.125
716,716,243197.71875
717,717,233153.0625
718,718,141724.65625
719,719,218246.6875
720,720,195493.859375
721,721,228621.484375
722,722,197451.203125
723,723,150173.875
724,724,149146.9375
725,725,146145.921875
726,726,163657.171875
727,727,149402.25
728,728,266743.46875
729,729,89566.3046875
730,730,88262.671875
731,731,83098.65625
732,732,107534.2734375
733,733,126715.8203125
734,734,114216.671875
735,735,93269.515625
736,736,101015.7421875
737,737,134240.09375
738,738,166975.75
739,739,133321.953125
740,740,138335.65625
741,741,130937.1171875
742,742,148060.15625
743,743,151464.5
744,744,104839.1953125
745,745,129586.65625
746,746,171018.0625
747,747,211853.125
748,748,157237.484375
749,749,121275.2421875
750,750,98566.4453125
751,751,113658.5390625
752,752,99061.0859375
753,753,148936.546875
754,754,92473.6953125
755,755,134980.578125
756,756,73624.3984375
757,757,100789.3046875
758,758,63627.48046875
759,759,83356.140625
760,760,214692.640625
761,761,203932.46875
762,762,266981.0625
763,763,228385.859375
764,764,179735.90625
765,765,201948.203125
766,766,174004.21875
767,767,263291.1875
768,768,288762.53125
769,769,175251.453125
770,770,222949.03125
771,771,199635.296875
772,772,208103.234375
773,773,257060.34375
774,774,216034.75
775,775,277553.71875
776,776,350393.1875
777,777,230523.265625
778,778,130104.3984375
779,779,151934.0625
780,780,188445.4375
781,781,143161.1875
782,782,129711.953125
783,783,109683.9453125
784,784,99405.6953125
785,785,151507.703125
786,786,118808.625
787,787,125261.0703125
788,788,132492.28125
789,789,160713.75
790,790,130998.359375
791,791,178882.28125
792,792,171828.953125
793,793,191959.015625
794,794,199134.890625
795,795,168342.609375
796,796,221703.34375
797,797,159820.1875
798,798,185565.875
799,799,153758.03125
800,800,159038.546875
801,801,163646.84375
802,802,346843.625
803,803,474626.5
804,804,173189.859375
805,805,247674.53125
806,806,356942.28125
807,807,436480.25
808,808,173489.734375
809,809,198942.1875
810,810,211745.671875
811,811,240799.65625
812,812,176246.609375
813,813,196328.484375
814,814,204556.6875
815,815,181709.140625
816,816,183111.890625
817,817,161485.71875
818,818,136946.484375
819,819,127095.2265625
820,820,175182.671875
821,821,177259.515625
822,822,117965.296875
823,823,125354.953125
824,824,132848.625
825,825,143846.828125
826,826,376262.34375
827,827,252008.96875
828,828,305776.8125
829,829,399343.625
830,830,315331.53125
831,831,459536.78125
832,832,435856.3125
833,833,376789.8125
834,834,450123.59375
835,835,310926.75
836,836,303379.09375
837,837,352066.71875
838,838,357647.59375
839,839,304412.1875
840,840,258873.125
841,841,254996.328125
842,842,236184.703125
843,843,273521.84375
844,844,175034.390625
845,845,184518.640625
846,846,200060.984375
847,847,201029.984375
848,848,245422.03125
849,849,185049.6875
850,850,184170.328125
851,851,196415.609375
852,852,192095.4375
853,853,193916.453125
854,854,193543.578125
855,855,197438.046875
856,856,218199.921875
857,857,184995.59375
858,858,168199.296875
859,859,168014.453125
860,860,227504.421875
861,861,165920.171875
862,862,192030.328125
863,863,208736.1875
864,864,211102.90625
865,865,189670.890625
866,866,194548.875
867,867,230338.421875
868,868,198012.65625
869,869,193039.796875
870,870,370285.59375
871,871,346269.9375
872,872,302091.65625
873,873,261026.5625
874,874,262338.46875
875,875,295596.0
876,876,192048.109375
877,877,263557.5625
878,878,220431.34375
879,879,425663.875
880,880,221436.265625
881,881,219080.03125
882,882,234678.703125
883,883,220021.390625
884,884,226730.625
885,885,198322.515625
886,886,191973.546875
887,887,215219.859375
888,888,201758.65625
889,889,302216.09375
890,890,240479.890625
891,891,253719.125
892,892,273879.3125
893,893,148351.4375
894,894,145550.265625
895,895,182660.703125
896,896,212403.0
897,897,194867.1875
898,898,128640.6640625
899,899,125553.671875
900,900,162765.359375
901,901,270804.9375
902,902,166852.40625
903,903,184165.46875
904,904,212478.828125
905,905,186240.484375
906,906,204467.46875
907,907,180856.015625
908,908,204177.78125
909,909,170321.078125
910,910,170385.625
911,911,188569.28125
912,912,265429.78125
913,913,269916.34375
914,914,186036.515625
915,915,262028.4375
916,916,256710.90625
917,917,162784.9375
918,918,217953.921875
919,919,175695.890625
920,920,212521.78125
921,921,218010.234375
922,922,195802.3125
923,923,236887.859375
924,924,183106.859375
925,925,153179.0625
926,926,144084.84375
927,927,147899.359375
928,928,157156.609375
929,929,171864.671875
930,930,161500.703125
931,931,127043.53125
932,932,162921.859375
933,933,151372.84375
934,934,188572.484375
935,935,158649.5625
936,936,210586.625
937,937,151897.765625
938,938,82654.9453125
939,939,75686.5
940,940,96721.6875
941,941,164821.4375
942,942,188044.703125
943,943,162198.921875
944,944,184644.703125
945,945,150254.515625
946,946,146816.515625
947,947,157961.953125
948,948,145788.140625
949,949,168535.078125
950,950,116565.7734375
951,951,154488.625
952,952,152527.03125
953,953,130556.9140625
954,954,157585.046875
955,955,128953.2890625
956,956,124684.0390625
957,957,124954.9765625
958,958,139586.46875
959,959,132807.265625
960,960,167457.0625
961,961,128491.9921875
962,962,103150.3046875
963,963,179851.015625
964,964,252936.265625
965,965,150719.125
966,966,117466.2421875
967,967,171898.1875
968,968,114435.296875
969,969,149024.015625
970,970,136824.484375
971,971,144560.953125
972,972,176350.71875
973,973,136573.578125
974,974,177363.15625
975,975,123882.546875
976,976,137429.125
977,977,131060.3828125
978,978,117990.3515625
979,979,121899.6328125
980,980,72880.4609375
981,981,98583.625
982,982,142777.53125
983,983,142958.171875
984,984,78517.9453125
985,985,136132.453125
986,986,168090.3125
987,987,123263.0
988,988,112675.7109375
989,989,139576.125
990,990,136078.515625
991,991,140174.46875
992,992,116020.7890625
993,993,149914.921875
994,994,102102.3671875
995,995,107336.03125
996,996,100965.7578125
997,997,121641.9453125
998,998,103190.3828125
999,999,131762.625
1000,1000,105819.234375
1001,1001,115360.2265625
1002,1002,106299.90625
1003,1003,141207.421875
1004,1004,121542.2265625
1005,1005,146623.8125
1006,1006,116290.8671875
1007,1007,79319.734375
1008,1008,57989.390625
1009,1009,229744.4375
1010,1010,146477.8125
1011,1011,146612.8125
1012,1012,104464.5625
1013,1013,93112.3515625
1014,1014,175734.390625
1015,1015,85547.484375
1016,1016,144290.421875
1017,1017,167388.640625
1018,1018,144084.953125
1019,1019,180400.4375
1020,1020,148215.40625
1021,1021,139485.234375
1022,1022,139630.515625
1023,1023,161204.390625
1024,1024,130948.2578125
1025,1025,171446.03125
1026,1026,255653.703125
1027,1027,122824.8203125
1028,1028,159304.4375
1029,1029,172465.515625
1030,1030,89847.40625
1031,1031,203176.25
1032,1032,175127.609375
1033,1033,168437.625
1034,1034,96688.40625
1035,1035,248588.53125
1036,1036,137083.671875
1037,1037,119161.0625
1038,1038,107168.8359375
1039,1039,116675.7109375
1040,1040,146226.859375
1041,1041,135411.109375
1042,1042,81132.546875
1043,1043,179123.125
1044,1044,225210.296875
1045,1045,235730.375
1046,1046,257833.53125
1047,1047,244654.625
1048,1048,231626.609375
1049,1049,212601.859375
1050,1050,170520.015625
1051,1051,211085.6875
1052,1052,240385.34375
1053,1053,219069.5625
1054,1054,175342.03125
1055,1055,172347.640625
1056,1056,147790.765625
1057,1057,168063.75
1058,1058,218126.03125
1059,1059,220430.03125
1060,1060,197322.40625
1061,1061,228361.375
1062,1062,150495.59375
1063,1063,153900.6875
1064,1064,157699.34375
1065,1065,152385.359375
1066,1066,146176.90625
1067,1067,148223.765625
1068,1068,147295.921875
1069,1069,141039.375
1070,1070,238497.015625
1071,1071,222849.421875
1072,1072,189487.265625
1073,1073,222529.625
1074,1074,262598.53125
1075,1075,250899.453125
1076,1076,221273.609375
1077,1077,191152.875
1078,1078,186696.9375
1079,1079,172046.9375
1080,1080,182053.625
1081,1081,178232.6875
1082,1082,134918.296875
1083,1083,134304.421875
1084,1084,128399.1640625
1085,1085,146304.546875
1086,1086,142917.71875
1087,1087,206624.390625
1088,1088,165986.046875
1089,1089,653972.0625
1090,1090,146728.359375
1091,1091,137253.421875
1092,1092,102683.15625
1093,1093,110592.3828125
1094,1094,116783.0234375
1095,1095,116201.1796875
1096,1096,121028.5078125
1097,1097,181004.296875
1098,1098,139795.75
1099,1099,116329.9609375
1100,1100,112004.671875
1101,1101,100856.9140625
1102,1102,108241.015625
1103,1103,157999.71875
1104,1104,163448.171875
1105,1105,145913.90625
1106,1106,141435.140625
1107,1107,174190.4375
1108,1108,181020.828125
1109,1109,121181.421875
1110,1110,198531.796875
1111,1111,144159.890625
1112,1112,229789.453125
1113,1113,219567.6875
1114,1114,112519.7734375
1115,1115,100935.5234375
1116,1116,139621.546875
1117,1117,80875.3203125
1118,1118,87233.515625
1119,1119,115348.234375
1120,1120,153237.59375
1121,1121,104234.1015625
1122,1122,242209.046875
1123,1123,173465.5625
1124,1124,219725.328125
1125,1125,245255.265625
1126,1126,200338.96875
1127,1127,140325.75
1128,1128,159541.71875
1129,1129,178016.8125
1130,1130,207325.46875
1131,1131,214603.5
1132,1132,229495.15625
1133,1133,166676.015625
1134,1134,196020.75
1135,1135,336097.34375
1136,1136,209594.625
1137,1137,283904.53125
1138,1138,317322.375
1139,1139,166951.09375
1140,1140,143549.890625
1141,1141,103910.40625
1142,1142,118641.1015625
1143,1143,113074.0
1144,1144,121314.734375
1145,1145,159818.5625
1146,1146,214333.78125
1147,1147,201218.96875
1148,1148,185945.375
1149,1149,102360.515625
1150,1150,185171.71875
1151,1151,178779.609375
1152,1152,142600.46875
1153,1153,144695.875
1154,1154,173871.4375
1155,1155,178374.9375
1156,1156,231149.5625
1157,1157,212006.6875
1158,1158,203906.640625
1159,1159,192563.703125
1160,1160,180989.0
1161,1161,193481.296875
1162,1162,251815.6875
1163,1163,291618.0
1164,1164,242520.4375
1165,1165,184371.328125
1166,1166,154765.75
1167,1167,358752.90625
1168,1168,437968.03125
1169,1169,319400.25
1170,1170,459832.125
1171,1171,399748.9375
1172,1172,238118.59375
1173,1173,466553.0
1174,1174,171009.65625
1175,1175,205964.5625
1176,1176,162969.8125
1177,1177,250528.953125
1178,1178,185040.921875
1179,1179,169951.046875
1180,1180,148519.25
1181,1181,174273.25
1182,1182,123321.0078125
1183,1183,131711.078125
1184,1184,123927.484375
1185,1185,103590.890625
1186,1186,115754.53125
1187,1187,155284.015625
1188,1188,139450.0625
1189,1189,115296.59375
1190,1190,143462.28125
1191,1191,365728.40625
1192,1192,248119.28125
1193,1193,257379.828125
1194,1194,418623.53125
1195,1195,346773.875
1196,1196,330585.53125
1197,1197,275108.03125
1198,1198,255619.890625
1199,1199,348952.875
1200,1200,393323.40625
1201,1201,398480.5625
1202,1202,301058.1875
1203,1203,230125.203125
1204,1204,268669.53125
1205,1205,238617.546875
1206,1206,193868.078125
1207,1207,191557.84375
1208,1208,200495.921875
1209,1209,263866.6875
1210,1210,194853.890625
1211,1211,171080.484375
1212,1212,180453.0625
1213,1213,182310.234375
1214,1214,143715.703125
1215,1215,194970.59375
1216,1216,202927.828125
1217,1217,259612.640625
1218,1218,256397.078125
1219,1219,254150.96875
1220,1220,326932.875
1221,1221,306288.8125
1222,1222,444227.125
1223,1223,297253.34375
1224,1224,286674.21875
1225,1225,246336.859375
1226,1226,275445.78125
1227,1227,214073.90625
1228,1228,186566.6875
1229,1229,360449.25
1230,1230,191470.75
1231,1231,152509.59375
1232,1232,213456.875
1233,1233,157067.765625
1234,1234,195079.453125
1235,1235,194495.34375
1236,1236,204981.734375
1237,1237,235375.96875
1238,1238,170098.125
1239,1239,155637.703125
1240,1240,178001.09375
1241,1241,161017.65625
1242,1242,163853.5625
1243,1243,163249.859375
1244,1244,145989.578125
1245,1245,127959.1953125
1246,1246,161419.296875
1247,1247,149584.921875
1248,1248,106320.8203125
1249,1249,147041.28125
1250,1250,360309.71875
1251,1251,366169.96875
1252,1252,161488.40625
1253,1253,160415.296875
1254,1254,172833.421875
1255,1255,170203.875
1256,1256,215794.40625
1257,1257,213184.140625
1258,1258,158818.65625
1259,1259,204383.109375
1260,1260,156708.890625
1261,1261,176046.640625
1262,1262,190747.8125
1263,1263,131846.953125
1264,1264,146423.140625
1265,1265,158289.734375
1266,1266,161934.40625
1267,1267,175694.4375
1268,1268,144638.78125
1269,1269,156457.96875
1270,1270,130780.8515625
1271,1271,134002.734375
1272,1272,156532.359375
1273,1273,135909.546875
1274,1274,139972.34375
1275,1275,133648.46875
1276,1276,104213.4375
1277,1277,178929.984375
1278,1278,175553.609375
1279,1279,164155.546875
1280,1280,140919.1875
1281,1281,159173.921875
1282,1282,156783.984375
1283,1283,155378.328125
1284,1284,148575.109375
1285,1285,132825.375
1286,1286,159545.1875
1287,1287,129792.34375
1288,1288,172084.140625
1289,1289,152475.21875
1290,1290,173914.53125
1291,1291,239182.546875
1292,1292,168379.15625
1293,1293,197551.34375
1294,1294,125289.9140625
1295,1295,103218.4765625
1296,1296,92441.4609375
1297,1297,105962.5625
1298,1298,131561.15625
1299,1299,127122.4765625
1300,1300,147647.140625
1301,1301,150776.234375
1302,1302,216618.265625
1303,1303,165239.453125
1304,1304,233051.3125
1305,1305,134084.5625
1306,1306,94124.4296875
1307,1307,143755.296875
1308,1308,160592.3125
1309,1309,149962.265625
1310,1310,121028.4296875
1311,1311,125311.453125
1312,1312,142575.421875
1313,1313,120465.5
1314,1314,105105.953125
1315,1315,135272.75
1316,1316,150421.90625
1317,1317,88509.484375
1318,1318,150009.6875
1319,1319,82048.4296875
1320,1320,92596.375
1321,1321,119507.2265625
1322,1322,92713.59375
1323,1323,117816.0
1324,1324,129755.984375
1325,1325,92436.40625
1326,1326,116084.9609375
1327,1327,96094.6953125
1328,1328,176436.0
1329,1329,88387.84375
1330,1330,163310.125
1331,1331,69444.984375
1332,1332,106942.390625
1333,1333,109286.1875
1334,1334,100090.1328125
1335,1335,77178.859375
1336,1336,195791.75
1337,1337,121981.75
1338,1338,121847.3515625
1339,1339,64884.6015625
1340,1340,84143.015625
1341,1341,135406.25
1342,1342,214674.828125
1343,1343,141628.1875
1344,1344,104618.875
1345,1345,102077.375
1346,1346,165641.046875
1347,1347,181311.53125
1348,1348,149287.59375
1349,1349,162281.75
1350,1350,178034.328125
1351,1351,186373.3125
1352,1352,253043.09375
1353,1353,224452.515625
1354,1354,89906.7734375
1355,1355,175383.78125
1356,1356,149559.546875
1357,1357,148525.4375
1358,1358,146966.59375
1359,1359,156334.078125
1360,1360,89284.4921875
1361,1361,181167.203125
1362,1362,247293.78125
1363,1363,195707.734375
1364,1364,177014.890625
1365,1365,149419.828125
1366,1366,141076.3125
1367,1367,284324.28125
1368,1368,201658.921875
1369,1369,238686.015625
1370,1370,175496.671875
1371,1371,239941.375
1372,1372,251276.75
1373,1373,225827.984375
1374,1374,212749.984375
1375,1375,214058.296875
1376,1376,175418.0625
1377,1377,154806.53125
1378,1378,182793.546875
1379,1379,215387.75
1380,1380,195482.0
1381,1381,241138.40625
1382,1382,145729.265625
1383,1383,182865.40625
1384,1384,124505.09375
1385,1385,215843.140625
1386,1386,203439.484375
1387,1387,189329.109375
1388,1388,192178.46875
1389,1389,260273.671875
1390,1390,235754.265625
1391,1391,245617.09375
1392,1392,246125.421875
1393,1393,142330.3125
1394,1394,196794.859375
1395,1395,215378.578125
1396,1396,191026.015625
1397,1397,187300.671875
1398,1398,132341.1875
1399,1399,132393.8125
1400,1400,168819.921875
1401,1401,219111.578125
1402,1402,133659.859375
1403,1403,269206.25
1404,1404,142709.234375
1405,1405,166820.8125
1406,1406,92903.0625
1407,1407,104736.7109375
1408,1408,96801.71875
1409,1409,183920.90625
1410,1410,73684.9453125
1411,1411,70813.0859375
1412,1412,96843.5625
1413,1413,133589.765625
1414,1414,98854.7890625
1415,1415,124843.1640625
1416,1416,115606.6875
1417,1417,118072.328125
1418,1418,139550.34375
1419,1419,104074.9375
1420,1420,124242.46875
1421,1421,133661.984375
1422,1422,138271.125
1423,1423,175398.15625
1424,1424,158398.359375
1425,1425,182166.890625
1426,1426,85337.8359375
1427,1427,127170.7109375
1428,1428,67546.609375
1429,1429,87049.84375
1430,1430,137963.421875
1431,1431,97596.0859375
1432,1432,111137.46875
1433,1433,51759.12890625
1434,1434,244641.5625
1435,1435,238497.0625
1436,1436,208095.96875
1437,1437,186809.375
1438,1438,203070.515625
1439,1439,172071.859375
1440,1440,198887.390625
1441,1441,222381.296875
1442,1442,312712.40625
1443,1443,380725.625
1444,1444,105959.875
1445,1445,217392.5
1446,1446,129293.7578125
1447,1447,141004.75
1448,1448,214137.890625
1449,1449,102332.078125
1450,1450,105890.5
1451,1451,172975.890625
1452,1452,102284.828125
1453,1453,102560.953125
1454,1454,107340.296875
1455,1455,96662.796875
1456,1456,199423.28125
1457,1457,141155.046875
1458,1458,236344.90625
